9.173020212765957415e-02
8.299221979166668262e-02
6.705195833333336963e-02
6.726658333333331019e-02
9.611654999999998117e-02
4.667158510638298036e-02
1.013791427083332586e-01
9.486022580645163405e-02
1.150083684210526647e-01
1.875637127659574854e-01
1.262007978723403978e-01
5.261406382978722068e-02
6.028852173913045592e-02
4.757990231250004004e-02
4.149166195652172207e-02
5.454257608695652765e-02
3.394883483516485112e-02
4.081056043956046014e-02
2.091100333333333755e-02
3.925699999999998635e-02
1.964253333333332643e-02
3.735526043956045872e-02
7.075922222222222335e-02
8.688208791208797133e-02
1.036882455555555305e-01
9.328794999999996673e-02
7.414001290322583260e-02
8.100993181818182121e-02
5.152931733333330350e-02
7.064791304347828316e-02
7.842117333333338547e-02
7.531986516853932112e-02
7.354692705882354131e-02
9.430299999999998406e-02
6.609744444444443090e-02
7.206094157303369330e-02
9.580544186046512090e-02
7.108558139534881803e-02
6.971533103448276925e-02
5.083587586206896047e-02
6.916184216867471424e-02
3.407044819277108005e-02
4.724949397590360450e-02
7.101290243902438903e-02
3.332827380952380764e-02
3.959049634146341590e-02
2.878537804878048695e-02
5.079991463414635505e-02
3.939008641975308422e-02
5.443441975308641045e-02
7.054858095238097926e-02
8.257641707317069091e-02
8.391834375000004065e-02
6.588150632911385363e-02
8.028307594936706648e-02
5.390986202531646010e-02
5.296693589743586839e-02
8.743843589743585665e-02
1.016965584415584350e-01
3.183849350649350929e-02
4.384812948717951853e-02
5.261317721518986301e-02
3.261944736842105341e-02
3.069823376623376926e-02
2.637033333333333590e-02
3.548714133333333992e-02
3.142793243243243578e-02
3.481295945945944714e-02
4.666813698630137286e-02
4.390231944444446255e-02
3.534733333333332089e-02
3.101736111111112401e-02
3.422461111111109455e-02
3.959224285714285640e-02
4.358426388888887726e-02
4.264611428571431218e-02
9.826475714285713703e-02
1.322553571428571051e-01
1.817642857142857671e-01
1.021026619718309603e-01
1.017004637681159507e-01
1.284130735294117254e-01
1.113923823529412022e-01
6.685697101449275537e-02
5.479736231884056730e-02
1.209098787878788023e-01
9.592288405797101680e-02
6.725128358208956603e-02
7.060434848484849202e-02
4.336824615384615722e-02
5.932614062500000951e-02
7.451135937500000250e-02
1.297720615384614640e-01
1.569635384615384321e-01
5.049300000000001010e-02
5.006192063492062583e-02
9.285238709677418045e-02
5.945386885245903391e-02
5.297309677419354684e-02
7.098641666666666294e-02
1.544444426229508449e-01
2.172334262295082252e-01
1.375528461538460534e-01
6.078739655172415296e-02
8.284367796610171697e-02
8.851984999999995551e-02
6.965761016949152673e-02
4.386843103448274245e-02
5.845991228070176321e-02
6.591862500000002234e-02
1.476639642857142665e-01
2.268099999999999838e-01
2.375674999999999870e-01
2.085051929824561778e-01
8.528129090909088161e-02
1.039381999999999945e-01
6.460387272727276253e-02
5.447271428571432567e-02
4.037111111111110068e-02
6.198403636363634950e-02
2.702601886792452279e-02
5.256407547169813371e-02
1.883921730769231029e-01
1.199419807692307244e-01
9.655066666666665964e-02
2.746253725490195863e-01
2.125060784313724527e-01
3.765446000000000071e-01
4.369730612244899781e-01
4.410771428571428898e-01
4.009654716981131961e-01
4.430475510204080480e-01
4.652216666666667000e-01
2.295867959183674201e-01
6.638554166666667256e-02
5.889008163265307960e-02
6.614964583333333981e-02
1.528415208333333553e-01
2.532811914893616234e-01
3.562402291666666998e-01
1.848024489795918324e-01
2.888415217391305800e-01
2.555357799999998791e-01
1.984640000000000015e-01
2.314707708333333669e-01
1.278251956521739285e-01
2.478481555555555882e-01
4.209902272727271688e-01
3.262968181818182156e-01
4.133128260869565751e-01
3.313518750000000734e-01
2.504129545454545358e-01
4.973549999999999915e-01
2.881372340425532586e-01
3.509574130434782724e-01
6.029136363636363738e-01
5.826506976744187938e-01
4.228630952380952324e-01
5.930013636363634655e-01
4.751287804878048249e-01
2.195395000000001096e-01
2.608491190476190380e-01
9.414036956521738830e-02
1.519897727272727372e-01
1.498895348837209762e-01
1.386068181818181366e-01
1.290882926829268473e-01
1.173669333333333537e-01
1.320027906976744270e-01
1.134928372093023108e-01
1.407582926829268610e-01
1.564857499999999513e-01
1.569220000000000337e-01
2.826705000000000467e-01
3.227291555555555358e-01
2.719965853658535826e-01
1.239980487804877990e-01
1.347209523809523857e-01
1.265402439024389536e-01
1.366325581395348709e-01
1.442572093023256063e-01
1.576188636363635986e-01
1.683335555555555973e-01
1.315879069767442455e-01
1.165509523809524078e-01
1.430662142857142549e-01
1.267175238095237799e-01
1.197009534883721193e-01
1.625711428571428585e-01
2.702882978723404883e-01
2.965923255813954218e-01
3.553541860465116997e-01
2.911343181818182302e-01
1.436511627906975896e-01
1.215476744186046593e-01
1.081247441860464925e-01
1.726807045454545331e-01
3.575836956521738497e-01
2.585380434782608150e-01
1.737482222222221928e-01
2.850400000000000711e-01
2.852255555555556210e-01
2.020534782608696123e-01
2.148706122448979794e-01
2.103017021276596676e-01
2.072912765957447556e-01
1.717448936170212770e-01
1.703682978723403685e-01
2.748375510204081884e-01
3.383546938775510160e-01
4.708788333333333020e-01
2.732229999999999936e-01
1.950931999999999666e-01
2.398579999999999879e-01
4.473083846153845800e-01
4.182593846153846995e-01
3.469827450980392247e-01
2.232369619999999832e-01
1.726567924528301934e-01
3.450437254901960737e-01
3.224728846153845918e-01
3.782125283018867856e-01
2.284568301886792385e-01
2.883961636363636116e-01
4.029168518518519981e-01
2.455046296296295727e-01
1.430401886792453114e-01
3.160593888888889036e-01
4.778342592592593752e-01
3.464040000000001007e-01
3.460679999999999867e-01
2.097863157894736819e-01
3.649898214285714482e-01
3.131138596491228610e-01
2.563235593220338226e-01
3.599877192982455232e-01
3.123672413793102676e-01
2.996005172413792050e-01
4.252984482758622176e-01
3.790575932203389953e-01
3.114669999999999939e-01
2.234293833333332313e-01
1.282471166666667439e-01
1.508413114754098283e-01
1.734286885245900911e-01
2.361180634920634902e-01
3.493465409836066793e-01
3.673146969696969855e-01
2.408214516129031091e-01
1.641360317460317242e-01
2.081128571428572382e-01
2.909739682539682626e-01
1.851331538461537807e-01
1.972867692307692933e-01
2.938244776119403046e-01
2.862847692307692871e-01
3.802539393939392554e-01
2.905787878787879364e-01
3.179089393939393271e-01
3.385969117647057991e-01
2.851252238805971340e-01
3.010304477611941421e-01
1.308640579710145246e-01
1.725503142857142680e-01
1.387780000000000402e-01
1.862489705882352520e-01
1.076696000000000181e-01
2.348168571428571605e-01
2.350004714285713336e-01
1.054914929577464994e-01
1.914437916666666406e-01
3.070745070422534195e-01
2.805057534246575557e-01
2.398308219178081901e-01
2.000488133333334084e-01
1.765251095890410238e-01
2.134875675675675100e-01
2.492459459459459292e-01
2.154904324324323495e-01
1.994412000000000407e-01
1.791145657894737397e-01
1.467696800000000412e-01
5.697855844155844812e-02
8.968646052631575050e-02
1.564926753246753122e-01
1.849471038961038594e-01
1.578521428571428853e-01
1.485152278481012833e-01
1.488685499999999606e-01
2.005709113924049325e-01
1.149440759493670916e-01
1.898357088607594834e-01
1.172670899999999766e-01
1.001345555555555322e-01
9.896917283950618094e-02
4.822953086419752566e-02
7.369153086419751031e-02
1.459044216867470267e-01
1.077140714285714368e-01
1.047788518518518175e-01
1.757267590361445697e-01
1.650715595238095024e-01
7.929454216867470873e-02
7.085936904761908073e-02
6.553179761904763534e-02
1.067105411764705802e-01
1.284104352941175531e-01
8.998721428571428149e-02
1.215927011494252336e-01
1.552544127906977378e-01
1.365548551724137527e-01
9.699375000000007296e-02
6.650294597701149335e-02
7.095377272727271256e-02
6.564251304347828997e-02
5.715776136363637933e-02
9.072589431818184336e-02
4.481980000000000686e-02
5.926398888888890354e-02
1.445865999999999540e-01
1.760153405494505885e-01
1.096172032967033250e-01
7.169132258064514485e-02
9.696986813186816989e-02
7.098118586956517206e-02
1.666342417582417357e-01
1.247873956043956123e-01
1.755764946236559043e-01
1.088857967391304582e-01
1.001339333333333970e-01
4.677551648351647301e-02
1.407671382978723240e-01
8.463934782608696639e-02
1.954008000000000134e-01
4.858260000000000356e-02
1.016299680851063258e-01
7.197890322580641209e-02
2.107063043478260220e-02
5.622526595744681277e-02
4.244401086956521574e-02
6.256975268817205338e-02
8.757768085106382161e-02
1.042084722340425873e-01
1.141108315789473165e-01
1.341114895833332155e-01
1.146087765957446852e-01
8.048539361702125583e-02
9.879089489795919721e-02
8.357405263157895170e-02
1.188075376344085721e-01
8.542734408602152552e-02
9.267310833333336495e-02
7.704271578947367860e-02
1.181040000000000284e-01
3.259667021276597271e-02
6.886174999999998547e-02
1.016402421052631927e-01
9.298127083333335152e-02
1.161143645833333099e-01
1.166451275510204527e-01
1.201398437499999750e-01
7.330472631578945075e-02
5.113776105263159039e-02
1.540128421052631112e-02
4.196641431578948533e-02
2.505961452631578698e-02
