3.286832978723405176e+02
3.403397916666665992e+02
3.454103125000000887e+02
3.418713541666666060e+02
3.434584042553191239e+02
3.347776595744680890e+02
3.400878124999999841e+02
3.225531182795700147e+02
3.338246315789473897e+02
3.399646808510638607e+02
3.325655319148938247e+02
3.359573404255319815e+02
3.257649999999998727e+02
3.285348958333332234e+02
3.099096739130433775e+02
3.160666304347825530e+02
2.898004395604395995e+02
2.883216483516482640e+02
2.905971111111109622e+02
3.108773333333332971e+02
3.002143333333332862e+02
3.151428571428571672e+02
3.320861111111111654e+02
3.475232967032966371e+02
3.497214444444444439e+02
3.474463333333332571e+02
3.634168817204300694e+02
3.315522727272729071e+02
3.508681111111111477e+02
3.441836956521739239e+02
3.440258888888888009e+02
3.655804494382022654e+02
3.435418823529410020e+02
3.254650574712643447e+02
3.266091111111110195e+02
3.488103370786517416e+02
3.508648837209302656e+02
3.464347674418605152e+02
3.474295402298850490e+02
3.309566666666667629e+02
3.252816867469879867e+02
3.070418072289154452e+02
3.093181927710843411e+02
3.151296341463415729e+02
3.221759523809523102e+02
3.076193902439025578e+02
2.856502439024390014e+02
2.927136585365853421e+02
3.078243209876543460e+02
3.226829629629630176e+02
3.503195238095237869e+02
3.618823170731707819e+02
3.453750000000000568e+02
3.175139240506329088e+02
3.062899999999999636e+02
3.073745569620254514e+02
3.151221794871794941e+02
3.112334615384615404e+02
3.014229870129869937e+02
2.898641558441556754e+02
3.185506410256410277e+02
3.374525316455695929e+02
3.091257894736841081e+02
3.079333766233766596e+02
2.997697333333332494e+02
3.202068000000000438e+02
3.121214864864865604e+02
3.134366216216216685e+02
3.240579452054795411e+02
3.157731944444444707e+02
3.127536111111110699e+02
3.007791666666666401e+02
3.103750000000000000e+02
3.115508571428571827e+02
3.191302777777778488e+02
3.166640000000000441e+02
3.119788571428571231e+02
3.328992857142856678e+02
3.380934285714286034e+02
3.395764788732394095e+02
3.390192753623187514e+02
3.317916176470587857e+02
3.418536764705881410e+02
3.454794202898551703e+02
3.279771014492754375e+02
3.416699999999998454e+02
3.459960869565217649e+02
3.464165671641790141e+02
3.404693939393938535e+02
3.359310769230769438e+02
3.317729687500000182e+02
3.211996875000000955e+02
3.551726153846154261e+02
3.722546153846153061e+02
3.614214062499999613e+02
3.515790476190477989e+02
3.431158064516129684e+02
3.319847540983607814e+02
3.162972580645160861e+02
3.336064999999999827e+02
3.498375409836066865e+02
3.583150819672131320e+02
3.445704615384613589e+02
3.217655172413793139e+02
3.360983050847457889e+02
3.576163333333332730e+02
3.433225423728812871e+02
3.147541379310345064e+02
3.284435087719297144e+02
3.316283928571428987e+02
3.222153571428570444e+02
3.383389473684209747e+02
3.417664285714284915e+02
3.288147368421052761e+02
3.169672727272727570e+02
3.178789090909090760e+02
3.264619999999999891e+02
3.322278571428570899e+02
3.188187037037037612e+02
3.365980000000001269e+02
3.231283018867926558e+02
3.120601886792453001e+02
3.424886538461539089e+02
3.342078846153845575e+02
3.238974509803921933e+02
3.437898039215685912e+02
3.536525490196078749e+02
3.667180000000000746e+02
3.819548979591835405e+02
3.872751020408163640e+02
3.913299999999999841e+02
3.888514285714285279e+02
3.787662499999999568e+02
3.634585714285714744e+02
3.361212499999999750e+02
3.355457142857142685e+02
3.337539583333332871e+02
3.421781250000000796e+02
3.535955319148936269e+02
3.577879166666667174e+02
3.634391836734693015e+02
3.803443478260869597e+02
3.848484000000000265e+02
3.696272000000000162e+02
3.624652083333332939e+02
3.586908695652173833e+02
3.529133333333333553e+02
3.689079545454545155e+02
3.719336363636363103e+02
3.861463043478261739e+02
3.922780357142856928e+02
3.800186363636364604e+02
3.931840909090908553e+02
3.834142553191488787e+02
3.807867391304348530e+02
3.951395454545453845e+02
3.840011627906977196e+02
3.764578571428572218e+02
3.904438636363636874e+02
3.746809756097559898e+02
3.617759523809522761e+02
3.713950000000000955e+02
3.830280434782609404e+02
3.869202272727272316e+02
3.864867441860464510e+02
3.710375000000001364e+02
3.722741463414633927e+02
3.680446666666666147e+02
3.740867441860464737e+02
3.666823255813953324e+02
3.760243902439024168e+02
3.863067500000000223e+02
3.821944999999998913e+02
3.984982499999999845e+02
4.141102222222222053e+02
3.894509756097561421e+02
3.609558536585365687e+02
3.752719047619046933e+02
3.690834146341463224e+02
3.715944186046512527e+02
3.822609302325581666e+02
3.845556818181817675e+02
3.885464444444444325e+02
3.726965116279070571e+02
3.564050000000000296e+02
3.635876190476191141e+02
3.647890476190476647e+02
3.569590697674419175e+02
3.666840476190476465e+02
3.913608510638297844e+02
3.867876744186046949e+02
3.929639534883721694e+02
3.901009090909090560e+02
3.712890697674418448e+02
3.605997674418604788e+02
3.518497674418604788e+02
3.696324999999999363e+02
4.033636956521738171e+02
3.891071739130434821e+02
3.716835555555554151e+02
3.903851111111110868e+02
3.994817777777777792e+02
3.943165217391303941e+02
4.041759183673469238e+02
4.036204255319149752e+02
3.973670212765958354e+02
3.779331914893617181e+02
3.796919148936170245e+02
3.991665306122449692e+02
3.934634693877550831e+02
3.953279166666667948e+02
3.939195999999998321e+02
3.776799999999999500e+02
3.801488000000001080e+02
3.966511538461538748e+02
3.995082692307690877e+02
3.824843137254902672e+02
3.715334000000000287e+02
3.616118867924527081e+02
3.870949019607842274e+02
3.855255769230768124e+02
3.690486792452830400e+02
3.483373584905660323e+02
3.749705454545454586e+02
3.891553703703702922e+02
3.779274074074073724e+02
3.691739622641510437e+02
3.623601851851851166e+02
3.689437037037036475e+02
3.688969090909090482e+02
3.638850909090909909e+02
3.772922807017544642e+02
3.816849999999999454e+02
3.859515789473684890e+02
3.837257627118645473e+02
4.007757894736840285e+02
3.958737931034482358e+02
3.992429310344827513e+02
3.982606896551724844e+02
4.049706779661014480e+02
3.966061666666665246e+02
3.742211666666665906e+02
3.514180000000000632e+02
3.580960655737704883e+02
3.671883606557376538e+02
3.748353968253969128e+02
3.925119672131146444e+02
3.930928787878788171e+02
3.721051612903225987e+02
3.702338095238095548e+02
3.711331746031744956e+02
3.808603174603174466e+02
3.641778461538463603e+02
3.773350769230770538e+02
4.027571641791044499e+02
3.955790769230767978e+02
4.070468181818180824e+02
4.002343939393939536e+02
4.010840909090908895e+02
3.896733823529413030e+02
3.876320895522389947e+02
3.783489552238806937e+02
3.594675362318842531e+02
3.510964285714288167e+02
3.604591428571426945e+02
3.498279411764707447e+02
3.446675714285714207e+02
3.589957142857142571e+02
3.654015714285714580e+02
3.447004225352112030e+02
3.576066666666666833e+02
3.933466197183098529e+02
3.831832876712328471e+02
3.705739726027396159e+02
3.641099999999999000e+02
3.637438356164383322e+02
3.659033783783783633e+02
3.593189189189188824e+02
3.383967567567567016e+02
3.466789333333334753e+02
3.610834210526315928e+02
3.486629333333332283e+02
3.223650649350649928e+02
3.291817105263157828e+02
3.400494805194804258e+02
3.510019480519480908e+02
3.495493506493506857e+02
3.556226582278482056e+02
3.571261250000000587e+02
3.635098734177215647e+02
3.490411392405063111e+02
3.466108860759494519e+02
3.352888750000000755e+02
3.344525925925926231e+02
3.355820987654322494e+02
3.165524691358025393e+02
3.144580246913581618e+02
3.452306024096384931e+02
3.547592857142856815e+02
3.420818518518519795e+02
3.631613253012048972e+02
3.690123809523810223e+02
3.395981927710843706e+02
3.321366666666666561e+02
3.242534523809524103e+02
3.308767058823530078e+02
3.307569411764706047e+02
3.232627380952381486e+02
3.437002298850575812e+02
3.359887209302326028e+02
3.329740229885057374e+02
3.298764772727272998e+02
3.141275862068967513e+02
3.246306818181816993e+02
3.337858695652172969e+02
3.066360227272726888e+02
3.174632954545453458e+02
3.201226666666667029e+02
3.231117777777777746e+02
3.633606666666665888e+02
3.656348351648350672e+02
3.548778021978021684e+02
3.334891397849462464e+02
3.313267032967033856e+02
3.431091304347826849e+02
3.638542857142855382e+02
3.492329670329671103e+02
3.379733333333333576e+02
3.367541304347826667e+02
3.136058888888890124e+02
3.006441758241759317e+02
3.215617021276597143e+02
2.942880434782608745e+02
2.711485869565217968e+02
3.008363736263735859e+02
3.418820212765957081e+02
3.203729032258065104e+02
2.908507608695650788e+02
2.954757446808509371e+02
2.835165217391304964e+02
2.979443010752688679e+02
3.269744680851064231e+02
3.405540425531915503e+02
3.459877894736841881e+02
3.458808333333334417e+02
3.435902127659575740e+02
3.269940425531913775e+02
3.447961224489794745e+02
3.381055789473684854e+02
3.360625806451613471e+02
3.263634408602150643e+02
3.360245833333333962e+02
3.306737894736841668e+02
3.253304255319148410e+02
2.954361702127658305e+02
3.249894791666666833e+02
3.347902105263158319e+02
3.309202083333333348e+02
3.436362499999999613e+02
3.593191836734695812e+02
3.442533333333332735e+02
3.194250526315789784e+02
3.094978947368420563e+02
3.049972631578947357e+02
3.124847368421052352e+02
3.226493684210524862e+02
