7.511935106382986227e+00
7.293570833333330228e+00
7.559309374999997999e+00
7.332806249999999970e+00
nan
7.311789361702127010e+00
6.972166666666665513e+00
6.690981720430107416e+00
6.492691578947369813e+00
6.856121276595742664e+00
6.614145744680850036e+00
6.525378723404253734e+00
6.231072826086957228e+00
5.665195833333332764e+00
5.281708695652174157e+00
4.711132608695656643e+00
4.219196703296701934e+00
3.281180219780224672e+00
2.754078888888890297e+00
2.741161111111111381e+00
2.845929999999998294e+00
2.824768131868131249e+00
3.800777777777776478e+00
4.869376923076923269e+00
5.828881111111119395e+00
6.287925555555554880e+00
7.059388172043009391e+00
6.821567045454544065e+00
6.282224444444445055e+00
6.693677173913041401e+00
6.104332222222222271e+00
7.368233707865171844e+00
7.284629411764706575e+00
6.234762068965520321e+00
5.867542222222218662e+00
6.447195505617981048e+00
7.075779069767438756e+00
6.952880232558138474e+00
6.755677011494252149e+00
6.265055172413792839e+00
5.638038554216867837e+00
5.333366265060242029e+00
4.814018072289159456e+00
4.519907317073167619e+00
4.275353571428565758e+00
4.105054878048778555e+00
3.424913414634147557e+00
2.915819512195120922e+00
2.901841975308643296e+00
3.641535802469133110e+00
4.763630952380951911e+00
6.356075609756096867e+00
6.488942500000002944e+00
5.583993670886076011e+00
4.912665822784811454e+00
4.403889873417720757e+00
4.438156410256411277e+00
4.233449999999999491e+00
3.781401298701298153e+00
3.587494805194804570e+00
3.250571794871794484e+00
4.400832911392407176e+00
4.292493421052633096e+00
3.778550649350649326e+00
3.330933333333333746e+00
3.830720000000001235e+00
4.181616216216215598e+00
4.070747297297297784e+00
4.350167123287671522e+00
4.417970833333334291e+00
4.701915277777781732e+00
nan
4.420497222222224742e+00
4.469554285714288255e+00
4.581459722222223974e+00
4.676185714285715278e+00
4.641197142857145685e+00
4.942021428571430341e+00
5.309367142857143840e+00
5.721167605633800335e+00
5.979817391304348639e+00
6.109627941176472454e+00
6.300454411764708773e+00
6.562178260869564461e+00
6.588742028985509869e+00
6.572893939393939178e+00
7.203218840579710402e+00
7.084552238805970958e+00
7.056963636363636994e+00
7.152420000000000222e+00
7.110082812499999960e+00
7.376971874999999734e+00
7.867438461538458938e+00
9.268787692307691728e+00
9.848692187499997530e+00
9.316671428571428493e+00
8.809811290322580035e+00
8.166268852459015903e+00
8.079848387096774331e+00
8.205293333333335326e+00
9.014008196721313482e+00
9.481439344262298619e+00
1.001456769230769517e+01
9.535627586206896211e+00
9.548171186440677971e+00
9.856738333333332491e+00
9.510486440677963671e+00
8.923177586206897161e+00
8.400889473684213016e+00
8.974576785714285521e+00
8.877317857142855928e+00
9.392015789473683540e+00
9.465892857142856442e+00
9.012494736842104004e+00
8.234252727272727057e+00
7.704841818181818347e+00
7.335236363636361112e+00
7.367116071428571722e+00
7.476146296296295901e+00
7.770849090909085710e+00
8.123415094339621945e+00
8.445775471698116377e+00
8.978740384615385040e+00
9.503876923076921557e+00
9.417488235294120713e+00
9.963650980392154466e+00
1.095474117647058776e+01
1.175925999999999938e+01
1.235861224489795873e+01
1.286983673469387846e+01
1.316105660377358433e+01
1.368714285714285950e+01
1.386945833333333944e+01
1.349581632653061547e+01
1.194995833333333479e+01
1.097067346938775323e+01
1.094772916666666696e+01
1.152889583333333690e+01
1.193131914893616852e+01
1.242210416666666895e+01
1.249612244897959279e+01
1.313802173913043525e+01
1.363748000000000005e+01
1.313093999999999539e+01
1.295841666666666647e+01
1.300547826086956604e+01
1.323904444444444017e+01
1.368368181818181739e+01
1.421684090909090692e+01
1.433286956521739697e+01
1.438598214285715038e+01
1.472947727272726937e+01
1.500831818181818100e+01
1.457806382978723114e+01
1.445719565217391001e+01
1.545097727272727717e+01
1.586769767441860601e+01
1.584245238095237873e+01
1.625106818181817658e+01
1.592226829268293287e+01
1.554759523809524069e+01
1.550004761904762063e+01
1.571945652173912933e+01
1.600245454545455104e+01
1.594379069767441770e+01
1.565340909090909882e+01
nan
1.552768888888888554e+01
1.561699999999999555e+01
1.532323255813953722e+01
1.552880487804878662e+01
1.557454999999999323e+01
1.592152499999999904e+01
nan
nan
1.783341463414633665e+01
1.672985365853658379e+01
1.616128571428572158e+01
1.602829268292682841e+01
1.611648837209302343e+01
1.624423255813954015e+01
1.617418181818182177e+01
1.620893333333334141e+01
1.596583720930232708e+01
1.595576190476190348e+01
1.634083333333333243e+01
1.621073809523809572e+01
1.575844186046511730e+01
1.595019047619047114e+01
1.634002127659574555e+01
1.673395348837209085e+01
1.723827906976744018e+01
1.705984090909090511e+01
1.655369767441860418e+01
1.584144186046511749e+01
1.543234883720930206e+01
1.559725000000000250e+01
1.654063043478260298e+01
1.718523913043477691e+01
1.720980000000000487e+01
1.766220000000000212e+01
1.829415555555555883e+01
1.836586956521739467e+01
1.850114285714285955e+01
1.859719148936170541e+01
1.864991489361701582e+01
1.800946808510638064e+01
1.749302127659574424e+01
1.763412244897959269e+01
1.785016326530612218e+01
1.764372916666666669e+01
1.755106000000000321e+01
1.735848000000000013e+01
1.690506000000000242e+01
1.713980769230770207e+01
1.743726923076923185e+01
1.702301960784313195e+01
1.684141999999999939e+01
1.659132075471698542e+01
1.667468627450980279e+01
1.683005769230768678e+01
1.597903773584905274e+01
nan
nan
nan
nan
nan
nan
nan
nan
nan
nan
nan
nan
nan
nan
nan
nan
nan
nan
1.791039999999999566e+01
1.730994999999999706e+01
nan
1.655599999999999383e+01
1.643129508196721389e+01
1.617044444444444551e+01
1.676875409836064890e+01
1.686296969696969228e+01
1.659024193548387061e+01
1.643549206349206315e+01
1.659758730158729989e+01
1.695469841269840927e+01
1.690389230769230267e+01
1.660784615384615037e+01
1.711391044776119230e+01
1.771723076923076334e+01
1.817631818181818559e+01
1.845771212121212201e+01
1.833572727272727576e+01
1.771748529411764395e+01
1.728355223880596725e+01
nan
nan
1.624254285714285828e+01
1.599351428571428713e+01
1.544408823529411556e+01
1.500824285714285367e+01
1.492687142857143279e+01
1.522867142857142930e+01
1.490853521126760128e+01
1.449133333333333695e+01
1.539838028169014272e+01
1.540734246575343214e+01
1.502058904109589221e+01
1.473947999999999681e+01
1.423641095890410391e+01
1.418639189189189054e+01
1.382085135135134735e+01
1.275533783783783726e+01
1.232954666666665489e+01
1.276914473684210627e+01
1.284789333333332983e+01
1.200620779220779077e+01
1.153977631578947616e+01
1.165497402597402044e+01
1.162937662337662559e+01
1.104750649350649461e+01
1.108806329113923894e+01
1.142918749999999406e+01
1.198208860759493533e+01
1.208305063291138914e+01
1.149907594936708755e+01
1.086955000000000204e+01
1.063437037037037136e+01
1.046125185185185558e+01
1.019183209876543295e+01
9.244790123456786191e+00
9.623343373493979058e+00
1.033924523809523066e+01
1.039935802469135062e+01
1.070054216867469599e+01
1.131039285714285825e+01
1.107625301204818946e+01
1.044332857142856952e+01
1.015608214285714084e+01
9.979881176470588144e+00
9.612081176470582022e+00
9.093738095238093067e+00
9.247965517241386380e+00
9.176731395348834752e+00
8.756612643678158392e+00
8.498385227272729381e+00
7.736739080459778428e+00
7.412797727272724124e+00
7.368694565217388970e+00
7.081064772727268419e+00
6.296865909090910485e+00
6.661857777777777656e+00
6.352071111111112778e+00
7.885743333333333105e+00
9.119191208791214365e+00
8.998423076923071307e+00
8.299105376344087404e+00
7.568592307692309618e+00
7.609709782608701900e+00
8.649407692307685025e+00
8.950907692307692898e+00
8.363454838709674988e+00
8.014735869565214443e+00
6.855863333333334531e+00
5.873565934065934080e+00
6.306235106382978017e+00
5.523139130434782551e+00
4.341832608695653128e+00
3.717080219780219963e+00
5.305317021276596101e+00
6.200232258064514390e+00
5.062343478260870278e+00
4.120512765957445644e+00
3.594718478260871208e+00
3.197125806451613261e+00
4.192846808510642731e+00
5.183863829787235034e+00
6.152439999999999465e+00
6.311174999999998647e+00
6.806418085106386684e+00
6.292768085106382081e+00
6.472416326530614050e+00
6.778551578947368483e+00
6.555355913978492488e+00
6.187274193548387480e+00
6.198149999999998272e+00
6.583867368421051580e+00
6.160009574468083393e+00
5.013796808510639025e+00
4.879707291666667501e+00
5.734414736842102123e+00
5.734455208333334220e+00
6.089845833333334291e+00
6.869539795918365499e+00
7.187720833333332671e+00
6.243064210526314106e+00
5.484353684210522495e+00
4.732095789473684810e+00
4.395398947368422071e+00
nan
